迪士尼在逃王子 1 2 2 10 5 4 62 34
迪士尼在逃公主 1 3 1 10 4 4 3 3 66 25
迪士尼在逃小孩 1 4 1 2 1 3 1 5 5 7 88 44
肯德基在逃鸡腿堡 1 5 1 15 2 15 3 15 4 15 5 15 100 33
八月 1 7 1 15 2 15 3 15 4 15 5 15 6 15 7 15 100 33
七月 1 7 1 15 2 15 3 15 4 15 5 15 6 15 7 15 100 33
我是谁 1 7 1 15 2 15 3 15 4 15 5 15 6 15 7 15 100 33
三月 1 7 1 15 2 15 3 15 4 15 5 15 6 15 7 15 100 33
二月 1 7 1 15 2 15 3 15 4 15 5 15 6 15 7 15 100 33
在逃娇羞猛男 1 7 1 15 2 15 3 15 4 15 5 15 6 15 7 15 100 33
五月 1 7 1 15 2 15 3 15 4 15 5 15 6 15 7 15 100 33
噜啦 1 7 1 15 2 15 3 15 4 15 5 15 6 15 7 15 100 33
mimi 1 7 1 15 2 15 3 15 4 15 5 15 6 15 7 15 100 33
我是小妖怪 1 7 1 15 2 15 3 15 4 15 5 15 6 15 7 15 100 33
